2017-01-01 00:00:00          0               0               0         -1.7778               0       190.44675        32.14368               0               0
2017-01-02 00:00:00          0               0               0         -1.7778               0      208.133833              32               0               0
2017-01-03 00:00:00          0               0               0         -1.7778               0      249.210083              32               0               0
2017-01-04 00:00:00          0               0               0         -1.7778               0      302.112667              32               0               0
2017-01-05 00:00:00          0               0               0         -1.7778               0      279.698167              32               0               0
2017-01-06 00:00:00          0               0               0         -1.7778               0      224.207333              32               0               0
2017-01-07 00:00:00          0               0               0         -1.7778               0        220.0395              32               0               0
2017-01-08 00:00:00          0               0               0         -1.7778               0        211.2845              32               0               0
2017-01-09 00:00:00          0               0               0         -1.7778               0      219.020917              32               0               0
2017-01-10 00:00:00          0               0               0         -1.7778               0      207.312167              32               0               0
2017-01-11 00:00:00          0               0               0         -1.7778               0      189.174583              32               0               0
2017-01-12 00:00:00          0               0               0         -1.7778               0        199.8945              32               0               0
2017-01-13 00:00:00          0               0               0         -1.7778               0      162.416583              32               0               0
2017-01-14 00:00:00          0               0               0         -1.7778               0         136.544              32               0               0
2017-01-15 00:00:00          0               0               0         -1.7778               0       199.79675              32               0               0
2017-01-16 00:00:00          0               0               0         -1.7778               0        202.7335              32               0               0
2017-01-17 00:00:00          0               0               0         -1.7778               0      202.883667              32               0               0
2017-01-18 00:00:00          0               0               0         -1.7778               0      242.057333              32               0               0
2017-01-19 00:00:00          0               0               0         -1.7778               0      272.014167              32               0               0
2017-01-20 00:00:00          0               0               0         -1.7778               0        194.1655              32               0               0
2017-01-21 00:00:00          0               0               0         -1.7778               0      186.909333              32               0               0
2017-01-22 00:00:00          0               0               0         -1.7778               0         212.109              32               0               0
2017-01-23 00:00:00          0               0               0         -1.7778               0      225.567333              32               0               0
2017-01-24 00:00:00          0               0               0         -1.7778               0      175.816833              32               0               0
2017-01-25 00:00:00          0               0               0         -1.7778               0      195.471667              32               0               0
2017-01-26 00:00:00          0               0               0         -1.7778               0      213.148833              32               0               0
2017-01-27 00:00:00          0               0               0         -1.7778               0         172.788              32               0               0
2017-01-28 00:00:00          0               0               0         -1.7778               0      158.204833              32               0               0
2017-01-29 00:00:00          0               0               0         -1.7778               0      174.200417              32               0               0
2017-01-30 00:00:00          0               0               0         -1.7778               0         186.558              32               0               0
2017-01-31 00:00:00          0               0               0         -1.7778               0      183.235917              32               0               0
2017-02-01 00:00:00          0               0               0         -1.7778               0      261.326833              32               0               0
2017-02-02 00:00:00          0               0               0         -1.7778               0      110.550989              32               0               0
2017-02-03 00:00:00          0               0               0         -1.7778               0      171.746749              32               0               0
2017-02-04 00:00:00          0               0               0         -1.7778               0      261.520917              32               0               0
2017-02-05 00:00:00          0               0               0         -1.7778               0      170.110496              32               0               0
2017-02-06 00:00:00          0               0               0         -1.7778               0      171.916741              32               0               0
2017-02-07 00:00:00          0               0               0         -1.7778               0      156.639407              32               0               0
2017-02-08 00:00:00          0               0               0         -1.7778               0      145.160156              32               0               0
2017-02-09 00:00:00          0               0               0         -1.7778               0      160.944655              32               0               0
2017-02-10 00:00:00          0               0               0         -1.7778               0      180.326072              32               0               0
2017-02-11 00:00:00          0               0               0         -1.7778               0      178.045239              32               0               0
2017-02-12 00:00:00          0               0               0         -1.7778               0      163.029989              32               0               0
2017-02-13 00:00:00          0               0               0         -1.7778               0      169.022489              32               0               0
2017-02-14 00:00:00          0               0               0         -1.7778               0      184.734739              32               0               0
2017-02-15 00:00:00          0               0               0         -1.7778               0      199.425573              32               0               0
2017-02-16 00:00:00          0               0               0         -1.7778               0       198.61099              32               0               0
2017-02-17 00:00:00          0               0               0         -1.7778               0      222.847323              32               0               0
2017-02-18 00:00:00          0               0               0         -1.7778               0      222.191407              32               0               0
2017-02-19 00:00:00          0               0               0         -1.7778               0      69.0851575              32               0               0
2017-02-20 00:00:00          0               0               0         -1.7778               0      145.042575              32               0               0
2017-02-21 00:00:00          0               0               0         -1.7778               0      137.926659              32               0               0
2017-02-22 00:00:00          0               0               0         -1.7778               0      137.056825              32               0               0
2017-02-23 00:00:00          0               0               0         -1.7778               0      135.794574              32               0               0
2017-02-24 00:00:00          0               0               0         -1.7778               0       167.05474              32               0               0
2017-02-25 00:00:00          0               0               0         -1.7778               0      127.307323              32               0               0
2017-02-26 00:00:00          0               0               0         -1.7778               0      99.6483229              32               0               0
2017-02-27 00:00:00          0               0               0         -1.7778               0      82.5661562              32               0               0
2017-02-28 00:00:00          0               0               0         -1.7778               0       112.17449              32               0               0
2017-03-01 00:00:00          0               0               0         -1.7778               0      143.712323              32               0               0
2017-03-02 00:00:00          0               0               0         -1.7778               0       143.32274              32               0               0
2017-03-03 00:00:00          0               0               0         -1.7778               0      150.527906              32               0               0
2017-03-04 00:00:00          0               0               0         -1.7778               0      157.295323              32               0               0
2017-03-05 00:00:00          0               0               0         -1.7778               0       172.95799              32               0               0
2017-03-06 00:00:00          0               0               0         -1.7778               0       150.21624              32               0               0
2017-03-07 00:00:00          0               0               0         -1.7778               0      107.437158              32               0               0
2017-03-08 00:00:00          0               0               0         -1.7778               0      75.4984082              32               0               0
2017-03-09 00:00:00          0               0               0         -1.7778               0      98.5773255              32               0               0
2017-03-10 00:00:00          0               0               0         -1.7778               0      87.6760749              32               0               0
2017-03-11 00:00:00          0               0               0         -1.7778               0      88.9057409              32               0               0
2017-03-12 00:00:00          0               0               0         -1.7778               0      99.1694902              32               0               0
2017-03-13 00:00:00          0               0               0         -1.7778               0       123.40299              32               0               0
2017-03-14 00:00:00          0               0               0         -1.7778               0      99.6879896              32               0               0
2017-03-15 00:00:00          0               0               0         -1.7778               0      100.263156              32               0               0
2017-03-16 00:00:00          0               0               0         -1.7778               0      106.669323              32               0               0
2017-03-17 00:00:00          0               0               0         -1.7778               0       112.37849              32               0               0
2017-03-18 00:00:00          0               0               0         -1.7778               0      117.893573              32               0               0
2017-03-19 00:00:00          0               0               0         -1.7778               0      109.851156              32               0               0
2017-03-20 00:00:00          0               0               0         -1.7778               0       114.83924              32               0               0
2017-03-21 00:00:00          0               0               0         -1.7778               0      111.123323              32               0               0
2017-03-22 00:00:00          0               0               0         -1.7778               0      118.729407              32               0               0
2017-03-23 00:00:00          0               0               0         -1.7778               0      128.661658              32               0               0
2017-03-24 00:00:00          0               0               0         -1.7778               0      92.8015749              32               0               0
2017-03-25 00:00:00          0               0               0         -1.7778               0      103.155992              32               0               0
2017-03-26 00:00:00          0               0               0         -1.7778               0      97.5714915              32               0               0
2017-03-27 00:00:00          0               0               0         -1.7778               0      77.0468242              32               0               0
2017-03-28 00:00:00          0               0               0         -1.7778               0      74.2446569              32               0               0
2017-03-29 00:00:00          0               0               0         -1.7778               0      73.6808229              32               0               0
2017-03-30 00:00:00          0               0               0         -1.7778               0      96.8518229              32               0               0
2017-03-31 00:00:00          0               0               0         -1.7778               0      80.8094896              32               0               0
2017-04-01 00:00:00          0               0               0         -1.7778               0      77.9591562              32               0               0
2017-04-02 00:00:00          0               0               0         -1.7778               0      63.0699896              32               0               0
2017-04-03 00:00:00          0               0               0         -1.7778               0      61.6901562              32               0               0
2017-04-04 00:00:00          0               0               0         -1.7778               0      68.4136562              32               0               0
2017-04-05 00:00:00          0               0               0         -1.7778               0      77.8458229              32               0               0
2017-04-06 00:00:00          0               0               0         -1.7778               0      68.1983229              32               0               0
2017-04-07 00:00:00          0               0               0         -1.7778               0      53.8630736              32               0               0
2017-04-08 00:00:00          0               0               0         -1.7778               0      59.2308242              32               0               0
2017-04-09 00:00:00          0               0               0         -1.7778               0      56.4810749              32               0               0
2017-04-10 00:00:00          0               0               0         -1.7778               0      70.6973255              32               0               0
2017-04-11 00:00:00          0               0               0         -1.7778               0      58.5026582              32               0               0
2017-04-12 00:00:00          0               0               0         -1.7778               0      71.0755742              32               0               0
2017-04-13 00:00:00          0               0               0         -1.7778               0      42.7167402              32               0               0
2017-04-14 00:00:00          0               0               0         -1.7778               0      57.5988229              32               0               0
2017-04-15 00:00:00          0               0               0         -1.7778               0      39.0957396              32               0               0
2017-04-16 00:00:00          0               0               0         -1.7778               0      39.0036562              32               0               0
2017-04-17 00:00:00          0               0               0         -1.7778               0      41.7279062              32               0               0
2017-04-18 00:00:00          0               0               0         -1.7778               0      37.6351562              32               0               0
2017-04-19 00:00:00          0               0               0         -1.7778               0      31.3635729              32               0               0
2017-04-20 00:00:00          0               0               0         -1.7778               0      37.0004896              32               0               0
2017-04-21 00:00:00          0               0               0         -1.7778               0      37.2880729              32               0               0
2017-04-22 00:00:00          0               0               0         -1.7778               0      41.5904896              32               0               0
2017-04-23 00:00:00          0               0               0         -1.7778               0      36.8333236              32               0               0
2017-04-24 00:00:00          0               0               0         -1.7778               0      49.6484902              32               0               0
2017-04-25 00:00:00          0               0               0         -1.7778               0      50.2831476              32               0               0
2017-04-26 00:00:00          0               0               0         -1.7778               0      34.5213142              32               0               0
2017-04-27 00:00:00          0               0               0         -1.7778               0      37.6918135              32               0               0
2017-04-28 00:00:00          0               0               0         -1.7778               0      26.6814795              32               0               0
2017-04-29 00:00:00          0               0               0         -1.7778               0      36.3913122              32               0               0
2017-04-30 00:00:00          0               0               0         -1.7778               0      40.0349782              32               0               0
2017-05-01 00:00:00          0               0               0         -1.7778               0      30.3053116              32               0               0
2017-05-02 00:00:00          0               0               0         -1.7778               0      22.0220616              32               0               0
2017-05-03 00:00:00          0               0               0         -1.7778               0      24.9460616              32               0               0
2017-05-04 00:00:00          0               0               0         -1.7778               0      23.2786458              32               0               0
2017-05-05 00:00:00          0               0               0         -1.7778               0      20.5331465              32               0               0
2017-05-06 00:00:00          0               0               0         -1.7778               0      24.2263971              32               0               0
2017-05-07 00:00:00          0               0               0         -1.7778               0      27.0965644              32               0               0
2017-05-08 00:00:00          0               0               0         -1.7778               0      15.2999818              32               0               0
2017-05-09 00:00:00          0               0               0         -1.7778               0      10.2906484              32               0               0
2017-05-10 00:00:00          0               0               0         -1.7778               0      23.3919818              32               0               0
2017-05-11 00:00:00          0               0               0         -1.7778               0      28.6959818              32               0               0
2017-05-12 00:00:00          0               0               0         -1.7778               0      19.7879818              32               0               0
2017-05-13 00:00:00          0               0               0         -1.7778               0      17.5312311              32               0               0
2017-05-14 00:00:00          0               0               0         -1.7778               0      9.49448045              32               0               0
2017-05-15 00:00:00          0               0               0         -1.7778               0      13.4427298              32               0               0
2017-05-16 00:00:00          0               0               0         -1.7778               0      13.6424792              32               0               0
2017-05-17 00:00:00          0               0               0         -1.7778               0      12.1634792              32               0               0
2017-05-18 00:00:00          0               0               0         -1.7778               0      10.8048958              32               0               0
2017-05-19 00:00:00          0               0               0         -1.7778               0      12.5020625              32               0               0
2017-05-20 00:00:00          0               0               0         -1.7778               0      11.2653125              32               0               0
2017-05-21 00:00:00          0               0               0         -1.7778               0      10.3572298              32               0               0
2017-05-22 00:00:00          0               0               0         -1.7778               0      13.0304805              32               0               0
2017-05-23 00:00:00          0               0               0         -1.7778               0      13.5787311              32               0               0
2017-05-24 00:00:00          0               0               0         -1.7778               0      12.7159818              32               0               0
2017-05-25 00:00:00          0               0               0         -1.7778               0      9.29331509              32               0               0
2017-05-26 00:00:00          0               0               0         -1.7778               0      11.4239818              32               0               0
2017-05-27 00:00:00          0               0               0         -1.7778               0      11.1066484              32               0               0
2017-05-28 00:00:00          0               0               0         -1.7778               0      12.2399818              32               0               0
2017-05-29 00:00:00          0               0               0         -1.7778               0      10.1744811              32               0               0
2017-05-30 00:00:00          0               0               0         -1.7778               0      10.9649805              32               0               0
2017-05-31 00:00:00          0               0               0         -1.7778               0       9.6134798              32               0               0
2017-06-01 00:00:00          0               0               0         -1.7778               0      10.2396458              32               0               0
2017-06-02 00:00:00          0               0               0         -1.7778               0      8.32289582              32               0               0
2017-06-03 00:00:00          0               0               0         -1.7778               0      9.73389582              32               0               0
2017-06-04 00:00:00          0               0               0         -1.7778               0      7.83981248              32               0               0
2017-06-05 00:00:00          0               0               0         -1.7778               0      6.08881248              32               0               0
2017-06-06 00:00:00          0               0               0         -1.7778               0       6.3579798              32               0               0
2017-06-07 00:00:00          0               0               0         -1.7778               0      8.62181379              32               0               0
2017-06-08 00:00:00          0               0               0         -1.7778               0      5.56464777              32               0               0
2017-06-09 00:00:00          0               0               0         -1.7778               0      6.61864842              32               0               0
2017-06-10 00:00:00          0               0               0         -1.7778               0      6.64131509              32               0               0
2017-06-11 00:00:00          0               0               0         -1.7778               0      5.98398176              32               0               0
2017-06-12 00:00:00          0               0               0         -1.7778               0      7.36664842              32               0               0
2017-06-13 00:00:00          0               0               0         -1.7778               0      6.09730376              32               0               0
2017-06-14 00:00:00          0               0               0         -1.7778               0      6.96713715              32               0               0
2017-06-15 00:00:00          0               0               0         -1.7778               0      6.72630387              32               0               0
2017-06-16 00:00:00          0               0               0         -1.7778               0      5.21047059              32               0               0
2017-06-17 00:00:00          0               0               0         -1.7778               0      6.07463732              32               0               0
2017-06-18 00:00:00          0               0               0         -1.7778               0      5.75305328              32               0               0
2017-06-19 00:00:00          0               0               0         -1.7778               0       5.0248859              32               0               0
2017-06-20 00:00:00          0               0               0         -1.7778               0      4.58996853              32               0               0
2017-06-21 00:00:00          0               0               0         -1.7778               0      4.02613448              32               0               0
2017-06-22 00:00:00          0               0               0         -1.7778               0      4.24571847              32               0               0
2017-06-23 00:00:00          0               0               0         -1.7778               0      4.93280245              32               0               0
2017-06-24 00:00:00          0               0               0         -1.7778               0       4.0445531              32               0               0
2017-06-25 00:00:00          0               0               0         -1.7778               0      5.14530376              32               0               0
2017-06-26 00:00:00          0               0               0         -1.7778               0      3.58130376              32               0               0
2017-06-27 00:00:00          0               0               0         -1.7778               0      4.32930376              32               0               0
2017-06-28 00:00:00          0               0               0         -1.7778               0      4.80530376              32               0               0
2017-06-29 00:00:00          0               0               0         -1.7778               0      4.48797042              32               0               0
2017-06-30 00:00:00          0               0               0         -1.7778               0      5.92872048              32               0               0
2017-07-01 00:00:00          0               0               0         -1.7778               0      5.87347054              32               0               0
2017-07-02 00:00:00          0               0               0         -1.7778               0      5.65955393              32               0               0
2017-07-03 00:00:00          1    0.0293883077     0.120231969     -1.77788807      32.9238532      1.68254442       3.9585045  5.78501737e-07               0
2017-07-04 00:00:00          1    0.0504985239    0.0701546074     -2.84988661      52.7756779     0.620939423      3.62903659  2.96193923e-07               0
2017-07-05 00:00:00          1    0.0734008532    0.0746512634     -2.36403777      43.7784772     0.607653016      3.24649612   6.7636109e-08               0
2017-07-06 00:00:00          1    0.0512430902    0.0630346292     -2.58598353       47.888584      0.38314018       3.0044006  1.94113059e-07               0
2017-07-07 00:00:00          1    0.0353971615    0.0611316993     -2.83761416      52.5484104     0.377719465      3.21252497   3.3846977e-07               0
2017-07-08 00:00:00          1    0.0537675185    0.0587763703     -2.89913059      53.6876035     0.551325125      3.15550443  2.26925943e-07               0
2017-07-09 00:00:00          1      0.10340206    0.0572544257     -2.80756343      51.9919153     0.620931922      2.97251677  1.07868958e-07               0
2017-07-10 00:00:00          1     0.114450247    0.0579948576     -2.57802864      47.7412711     0.788355684      2.76638394   5.2749728e-08               0
2017-07-11 00:00:00          1    0.0494708466    0.0550955588     -2.69939391       49.988776     0.775366728       2.7545916  1.92541594e-07               0
2017-07-12 00:00:00          1     0.100032773    0.0570616288     -2.64926701      49.0605003     0.868717278      2.79680683  1.09064621e-07               0
2017-07-13 00:00:00          1    0.0551694043    0.0516205742     -2.57838194      47.7478138     0.809101327       2.4651705  1.76368307e-07               0
2017-07-14 00:00:00          1    0.0478901987    0.0561330053     -2.71752657       50.324566      0.68949167      2.82533922  2.19966388e-07               0
2017-07-15 00:00:00          1    0.0907837139    0.0555472891     -2.80024799      51.8564443      0.92469261      2.84855107  9.65384538e-08  2.05353512e-08
2017-07-16 00:00:00          1    0.0543173523    0.0840497633     -1.84087527      34.0902828      1.59502329      2.83743242  -2.5601006e-08  1.04983343e-07
2017-07-17 00:00:00          1    0.0539272936      0.05931361     -2.33111351      43.1687687      1.06225729        2.546067   1.1280134e-07               0
2017-07-18 00:00:00          1    0.0364017305    0.0589526744     -2.67548569      49.5460313     0.463153219       2.9224935  2.91376818e-07               0
2017-07-19 00:00:00          1     0.077405364    0.0589369776     -2.78303021      51.5375966     0.718399942      2.92125932  1.12030059e-07               0
2017-07-20 00:00:00          1    0.0600342999    0.0582104566     -2.70657627      50.1217828     0.894608023      2.85571224  1.99827836e-07               0
2017-07-21 00:00:00          1      0.06939185    0.0617518705     -2.77561469       51.400272     0.949171644      3.17161265  2.25140118e-07               0
2017-07-22 00:00:00          1    0.0961710038    0.0843379731     -2.00372824      37.1060785      2.15786385      3.08532457  4.63295329e-09  3.64239835e-07
2017-07-23 00:00:00          1    0.0416662376    0.0676984312     -2.43789597      45.1462217      1.15325405      3.00562964  2.99230196e-07               0
2017-07-24 00:00:00          1    0.0562852923     0.072398814     -2.55661136      47.3446548      1.28140872      3.30642632   2.3897934e-07               0
2017-07-25 00:00:00          1    0.0570885822    0.0874813736     -2.01176587      37.2549235      2.65897489      3.18063877  1.28318318e-08               0
2017-07-26 00:00:00          1    0.0241061391    0.0644588661     -2.53562933      46.9560986     0.811529078      3.02551798  3.47264402e-07               0
2017-07-27 00:00:00          1    0.0307270419    0.0622171993     -2.76917203      51.2809635     0.646873276      3.19020983  3.52718321e-07               0
2017-07-28 00:00:00          1    0.0355234404    0.0612881726     -2.90213966      53.7433271      1.45411428      3.29373799  3.39578512e-07               0
2017-07-29 00:00:00          1    0.0371754421    0.0606952513     -2.97149819      55.0277442      1.35802684      3.33986464  3.39925739e-07               0
2017-07-30 00:00:00          1    0.0434422838     0.059746117      -2.9990213      55.5374315      1.44098913      3.31810985  2.91889535e-07               0
2017-07-31 00:00:00          1    0.0421015204    0.0590110231     -3.01492342      55.8319153      1.25132495      3.29469141  3.00386302e-07               0
2017-08-01 00:00:00          1    0.0771337594    0.0578355922     -3.01434914      55.8212803       1.4940971      3.22853434  2.08615081e-07               0
2017-08-02 00:00:00          1     0.108833543    0.0540141531     -3.00847878      55.7125699      1.41660128      3.00924935  1.09437894e-07               0
2017-08-03 00:00:00          1    0.0946867382    0.0534963001     -3.02715397      56.0584068      2.17100711      2.99907484  2.06080494e-07               0
2017-08-04 00:00:00          1     0.150898821    0.0541065702     -3.18485875      58.9788657      1.10251396      3.11505741  1.62005828e-07               0
2017-08-05 00:00:00          1    0.0742009114    0.0576650651     -2.81042641      52.0449335      1.20952909      3.00103919  1.20871501e-07               0
2017-08-06 00:00:00          1     0.181228254    0.0580645092     -2.72117347      50.3921014      1.33997419        2.913601   9.2016995e-08  3.64361307e-08
2017-08-07 00:00:00          1     0.247766934    0.0603511228     -2.51479059      46.5701961      1.00279572      2.79761832  2.57347554e-08  3.04475723e-08
2017-08-08 00:00:00          1     0.169577119    0.0535655746     -2.69434716      49.8953178     0.492150891       2.6725931  2.68151426e-08               0
2017-08-09 00:00:00          1     0.173157435    0.0523847306     -2.69441111       49.896502     0.477032929      2.61379185  2.98869897e-08               0
2017-08-10 00:00:00          1     0.114204611    0.0517223716     -2.70917796      50.1699623     0.515257611      2.59490435  5.19386339e-08               0
2017-08-11 00:00:00          1     0.110036068    0.0516648567     -2.72477282      50.4587559     0.478806617      2.60694469  6.69631388e-08               0
2017-08-12 00:00:00          1     0.113920374    0.0517536986     -2.74124359      50.7637702     0.449709164      2.62721307  7.22367299e-08               0
2017-08-13 00:00:00          1     0.152463675    0.0517585784     -2.75351378      50.9909959     0.396997015      2.63922161  6.62463564e-08               0
2017-08-14 00:00:00          1     0.274296967    0.0597411793     -2.37591673      43.9984579     0.930356232      2.61166387  2.68493521e-08  2.86430685e-07
2017-08-15 00:00:00          1     0.237314151    0.0537870712     -2.54005977       47.038144     0.365866799      2.52472486  7.54327983e-09               0
2017-08-16 00:00:00          1     0.209458509    0.0516482375     -2.59937879      48.1366443     0.335196228      2.48591334  1.68102787e-08               0
2017-08-17 00:00:00          1     0.278558539    0.0557304047     -2.35591847      43.6281198     0.262985765      2.42842036  6.48840271e-09               0
2017-08-18 00:00:00          1     0.240227996    0.0515132642     -2.48687802      46.0532967      0.26661237      2.37226982  1.53703691e-09               0
2017-08-19 00:00:00          1     0.163231508     0.050873934     -2.49989091      46.2942761     0.262293551       2.3551703  1.26275494e-08               0
2017-08-20 00:00:00          1     0.202172246    0.0506905639     -2.50367517       46.364355     0.240342542      2.35023442  1.56082651e-08               0
2017-08-21 00:00:00          1     0.125111366    0.0505308712     -2.51426237      46.5604143      0.24337492      2.35273928  2.44234668e-08               0
2017-08-22 00:00:00          1     0.182761288    0.0513492972     -2.49451498      46.1947218      0.61539257      2.36979959  3.37811639e-08  1.58109709e-07
2017-08-23 00:00:00          1     0.283054823    0.0545409313     -2.30150621      42.6204853     0.670707922      2.31967498  7.94999475e-09   1.8725594e-07
2017-08-24 00:00:00          1     0.281345582    0.0563614076     -2.19818073      40.7070506     0.811163502      2.28165612 -2.55151406e-09   3.7315889e-07
2017-08-25 00:00:00          1       0.2288732    0.0546236696     -2.20628213      40.8570765      2.16879633      2.21337167 -1.28571029e-08  2.11957404e-07
2017-08-26 00:00:00          1     0.137726288    0.0504154619     -2.35265744      43.5677303     0.553741491      2.19648352  2.77098302e-09               0
2017-08-27 00:00:00          1     0.101839954    0.0504766895     -2.36355361      43.7695113     0.516623935      2.20934593  2.48401275e-08               0
2017-08-28 00:00:00          1    0.0617337622    0.0512307617     -2.39927407      44.4310013     0.617275795      2.27637004   6.3031746e-08               0
2017-08-29 00:00:00          1    0.0811575714    0.0524245192     -2.45188885      45.4053491     0.475466859      2.38038613  7.53750865e-08               0
2017-08-30 00:00:00          1    0.0821324416    0.0526958954     -2.49010137      46.1129884     0.491376389      2.42997072  6.88907855e-08               0
2017-08-31 00:00:00          1     0.073804786    0.0530356346      -2.5344581      46.9344092     0.565923832      2.48922858  8.44393301e-08               0
2017-09-01 00:00:00          1    0.0848617536    0.0533155131     -2.57750269      47.7315312     0.587586413      2.54484347  8.76925329e-08               0
2017-09-02 00:00:00          1     0.200622729    0.0530001437     -2.59640695      48.0816102     0.402854215      2.54833065  5.68582733e-08  1.76645166e-08
2017-09-03 00:00:00          1     0.243848602     0.054879073     -2.46883436      45.7191549     0.367630082      2.50724292  2.07364219e-08  1.43653437e-07
2017-09-04 00:00:00          1    0.0784105229    0.0541265052     -2.44281459      45.2373073     0.332571097      2.44849387   3.5540512e-08               0
2017-09-05 00:00:00          1    0.0696480084    0.0537088883     -2.48117371      45.9476613     0.301419051      2.46780033  7.15407034e-08               0
2017-09-06 00:00:00          1    0.0796694327    0.0536929884     -2.52543706       46.767353     0.274992718      2.51107314  8.06744109e-08               0
2017-09-07 00:00:00          1    0.0732995789    0.0535742455     -2.56753544      47.5469525     0.234357061       2.5473001   8.5613606e-08               0
2017-09-08 00:00:00          1    0.0853508163    0.0535726133     -2.60758569      48.2886239      0.21792759      2.58693529  8.80657701e-08               0
2017-09-09 00:00:00          1    0.0919178639    0.0533293771     -2.64002735      48.8893954     0.186619973      2.60723058  8.42732938e-08               0
2017-09-10 00:00:00          1     0.149081524    0.0528757666      -2.6574765      49.2125278     0.159846856       2.6021375  6.45795051e-08               0
2017-09-11 00:00:00          1     0.158098875    0.0521238458     -2.66801389      49.4076646     0.184894239      2.57530409  4.54630948e-08               0
2017-09-12 00:00:00          1     0.134576201    0.0516041038     -2.68006402      49.6308152     0.230560997      2.56114505  4.43730351e-08               0
2017-09-13 00:00:00          1     0.159750876     0.051372829     -2.68915538      49.7991736     0.204675691      2.55832036  4.45602001e-08               0
2017-09-14 00:00:00          1     0.209005389     0.051157472     -2.69624122       49.930393      0.23166642        2.554313  3.96189251e-08               0
2017-09-15 00:00:00          1     0.293543969    0.0508702811      -2.6971984      49.9481185     0.230223277      2.54086533  2.32799454e-08               0
2017-09-16 00:00:00          1     0.348138667    0.0542944489     -2.51668425      46.6052638      1.30846856      2.51629702  1.35286978e-08  5.36723984e-07
2017-09-17 00:00:00          1     0.333298631    0.0562039138     -2.33997415      43.3328547     0.550098868      2.43232873  1.93037241e-09  2.41001753e-08
2017-09-18 00:00:00          1     0.126942933    0.0526911874     -2.42808091      44.9644613     0.439791145      2.36922253  7.47530198e-09               0
2017-09-19 00:00:00          1     0.129825257     0.051941983     -2.43512788      45.0949608     0.422488926      2.34231678  1.93335445e-08               0
2017-09-20 00:00:00          1     0.095260279    0.0515980329     -2.45089058      45.3868626     0.398702026       2.3418737  3.37131578e-08               0
2017-09-21 00:00:00          1     0.114741403    0.0515813867     -2.46743336      45.6932103     0.393070196      2.35691745  4.01898514e-08               0
2017-09-22 00:00:00          1     0.107166954    0.0515268393     -2.48582231      46.0337464     0.356294217      2.37197447  4.27759443e-08               0
2017-09-23 00:00:00          1     0.154475086    0.0515119805     -2.50000644      46.2964156     0.307021398      2.38481809  4.02197947e-08               0
2017-09-24 00:00:00          1     0.249343188    0.0512596549     -2.50471678      46.3836441      0.22171663      2.37760632  2.49841533e-08               0
2017-09-25 00:00:00          1     0.146678367    0.0508567545     -2.51502844      46.5746007     0.183810614      2.36862564  2.00313497e-08               0
2017-09-26 00:00:00          1     0.141817513     0.050800919     -2.52527739      46.7643962     0.206423767      2.37567437  2.88185101e-08               0
2017-09-27 00:00:00          1     0.131772206     0.050779925     -2.53608233      46.9644877     0.224851983      2.38485348  3.14447633e-08               0
2017-09-28 00:00:00          1      0.17314633     0.050817898     -2.54433138      47.1172478     0.227452377      2.39439867  3.10438069e-08               0
2017-09-29 00:00:00          1       0.2503637     0.050732081     -2.54843085      47.1931639     0.218632489      2.39420685  2.26865879e-08               0
2017-09-30 00:00:00          1      0.28868204     0.050550584     -2.55171712      47.2540207     0.242652557      2.38871798  1.41053659e-08  2.36851626e-09
2017-10-01 00:00:00          1     0.395515764    0.0541440739      -2.3434803      43.3977833      2.88436284       2.3419473  7.19266643e-10  5.59850624e-07
2017-10-02 00:00:00          1     0.243137078    0.0515908851     -2.39865793      44.4195914     0.511493713      2.29164275 -1.02800794e-09               0
2017-10-03 00:00:00          1     0.177527437    0.0510161941     -2.40273606      44.4951122     0.497355885       2.2699701  2.20100993e-09               0
2017-10-04 00:00:00          1     0.337183778    0.0517188108     -2.35435973      43.5992543      1.63266977       2.2523839 -2.20105269e-10  9.69423699e-08
2017-10-05 00:00:00          1     0.316834648    0.0526961483     -2.28909847      42.3907124      2.23923396      2.22742863 -5.33214381e-09   1.9400086e-07
2017-10-06 00:00:00          1      0.32397719    0.0513291094     -2.31069713      42.7906875     0.471256495      2.19450234 -7.74350443e-09               0
2017-10-07 00:00:00          1     0.214572942    0.0503533446      -2.3404202      43.3411147     0.851445282      2.18236923 -5.60566223e-09  2.03582299e-08
2017-10-08 00:00:00          1     0.237477125    0.0502108192     -2.34038184      43.3404044     0.368014591      2.17615547 -3.33541029e-09               0
2017-10-09 00:00:00          1     0.201929752    0.0500812101     -2.34211764      43.3725488     0.283038719      2.17214775 -2.21727404e-09               0
2017-10-10 00:00:00          1     0.133242671    0.0499998589     -2.34677758      43.4588441     0.267002435      2.17293611  4.65737041e-09               0
2017-10-11 00:00:00          1     0.112317104    0.0500839679     -2.35366816      43.5864473     0.267229703      2.18298448  1.39125297e-08               0
2017-10-12 00:00:00          1     0.177657891    0.0503323589     -2.36081075      43.7187176     0.264912132      2.20046658  1.96747851e-08  7.89471223e-09
2017-10-13 00:00:00          1     0.357808362    0.0508658761     -2.33474385      43.2359972      2.00356072      2.19895667  4.54150255e-09  2.61198654e-07
2017-10-14 00:00:00          1     0.261158705    0.0505549698      -2.3369512      43.2768741      0.41098264      2.18785552 -1.50530908e-10               0
2017-10-15 00:00:00          1     0.160057974    0.0503378593      -2.3423563      43.3769685     0.371054263      2.18350373  5.03612697e-09               0
2017-10-16 00:00:00          1     0.359846534    0.0508394446     -2.31444186      42.8600345      1.90164451       2.1781878  -2.2138813e-10  8.94169474e-08
2017-10-17 00:00:00          1     0.413452399    0.0556515652     -2.08240107      38.5629828      4.69389905       2.1441692 -1.30042701e-08  4.24472088e-07
2017-10-18 00:00:00          1     0.404871832    0.0562453081     -2.02303737      37.4636549      8.05265136      2.10189585 -2.33466816e-08  3.40445077e-07
2017-10-19 00:00:00          1     0.173625865    0.0498070576      -2.2494408       41.656311       1.2086766      2.07477819 -1.51825715e-08               0
2017-10-20 00:00:00          1     0.207322502    0.0497062596     -2.24804149       41.630398      1.07825029      2.06928717  -2.6534366e-09               0
2017-10-21 00:00:00          1      0.40583413    0.0529106423      -2.0980732      38.8532074      7.18922945      2.05167689 -1.57577389e-08  5.02922136e-07
2017-10-22 00:00:00          1     0.406797604    0.0559455944     -1.91129126      35.3942826      79.1844624      1.97914388 -5.49990149e-08  9.44209249e-07
2017-10-23 00:00:00          1     0.387813097    0.0492122691     -2.38404366      44.1489567      1955.82928        1.907118 -9.93337359e-08  2.38882831e-07
2017-10-24 00:00:000.866666667     0.105366995    0.0479256121      -1.8905156      30.6199185      45.7958352      5.94973425 -1.24598563e-07               0
2017-10-25 00:00:00        0.6    0.0980584005    0.0311861838     -1.87699782        21.59033       56.321926      13.8995992 -1.09722286e-07               0
2017-10-26 00:00:000.866666667    0.0854889284    0.0420190795     -2.02555655      33.1206769      38.9444494      5.84269593 -7.55513469e-08               0
2017-10-27 00:00:00          1    0.0329133929    0.0530515116     -2.10966567      39.0678828      12.2118278       2.0735192  3.14357376e-08               0
2017-10-28 00:00:000.933333333    0.0355809305    0.0603513535     -1.99034886      34.6634975      33.8351132      4.37034774  5.29919442e-08               0
2017-10-29 00:00:00        0.6     0.091374801    0.0441609207     -1.86611848      21.3888607      73.3501789      14.3531071 -6.26791365e-08               0
2017-10-30 00:00:00          1     0.142065737    0.0777077773      -1.7777531      32.9213537      52.2937958      2.55824522 -1.95389535e-07               0
2017-10-31 00:00:000.866666667     0.103191099    0.0661081016     -1.80879161      29.1065112      61.9342605      6.47877999 -2.15050239e-07               0
2017-11-01 00:00:000.933333333    0.0776379573     0.071318598     -1.77927093      30.7546468      66.0964916      4.48335639 -2.21300205e-07               0
2017-11-02 00:00:00          1    0.0603430921    0.0762356409     -1.78201698      33.0003144      76.3765573      2.51558742 -2.93242565e-07               0
2017-11-03 00:00:00          0               0               0         -1.7778               0      207.091673              32               0               0
2017-11-04 00:00:000.533333333    0.0184401201     0.034525791      -1.7777254       17.557137      17155.0652      16.0699111 -1.88949208e-07               0
2017-11-05 00:00:00          0               0               0         -1.7778               0      227.846742              32               0               0
2017-11-06 00:00:00          0               0               0         -1.7778               0      215.134991              32               0               0
2017-11-07 00:00:00          0               0               0         -1.7778               0       224.55724              32               0               0
2017-11-08 00:00:00          0               0               0         -1.7778               0       209.30399              32               0               0
2017-11-09 00:00:00          0               0               0         -1.7778               0      187.232323              32               0               0
2017-11-10 00:00:00          0               0               0         -1.7778               0      179.925156              32               0               0
2017-11-11 00:00:00          0               0               0         -1.7778               0       174.56449              32               0               0
2017-11-12 00:00:00          0               0               0         -1.7778               0       174.47949              32               0               0
2017-11-13 00:00:00          0               0               0         -1.7778               0       193.09024              32               0               0
2017-11-14 00:00:00          0               0               0         -1.7778               0       215.89574              32               0               0
2017-11-15 00:00:00          0               0               0         -1.7778               0      227.295656              32               0               0
2017-11-16 00:00:00          0               0               0         -1.7778               0      228.763323              32               0               0
2017-11-17 00:00:00          0               0               0         -1.7778               0      232.711574              32               0               0
2017-11-18 00:00:00          0               0               0         -1.7778               0      225.313741              32               0               0
2017-11-19 00:00:00          0               0               0         -1.7778               0      221.949158              32               0               0
2017-11-20 00:00:00          0               0               0         -1.7778               0      235.075992              32               0               0
2017-11-21 00:00:00          0               0               0         -1.7778               0      237.230742              32               0               0
2017-11-22 00:00:00          0               0               0         -1.7778               0      264.804741              32               0               0
2017-11-23 00:00:00          0               0               0         -1.7778               0      244.627157              32               0               0
2017-11-24 00:00:00          0               0               0         -1.7778               0      249.591156              32               0               0
2017-11-25 00:00:00          0               0               0         -1.7778               0       182.55874              32               0               0
2017-11-26 00:00:00          0               0               0         -1.7778               0       161.38949              32               0               0
2017-11-27 00:00:00          0               0               0         -1.7778               0      210.911906              32               0               0
2017-11-28 00:00:00          0               0               0         -1.7778               0       237.26049              32               0               0
2017-11-29 00:00:00          0               0               0         -1.7778               0       257.70299              32               0               0
2017-11-30 00:00:00          0               0               0         -1.7778               0      259.859155              32               0               0
2017-12-01 00:00:00          0               0               0         -1.7778               0      280.786155              32               0               0
2017-12-02 00:00:00          0               0               0         -1.7778               0      272.481655              32               0               0
2017-12-03 00:00:00          0               0               0         -1.7778               0      293.721739              32               0               0
2017-12-04 00:00:00          0               0               0         -1.7778               0      262.613157              32               0               0
2017-12-05 00:00:00          0               0               0         -1.7778               0      278.115741              32               0               0
2017-12-06 00:00:00          0               0               0         -1.7778               0      300.551492              32               0               0
2017-12-07 00:00:00          0               0               0         -1.7778               0      246.454657              32               0               0
2017-12-08 00:00:00          0               0               0         -1.7778               0      250.742907              32               0               0
2017-12-09 00:00:00          0               0               0         -1.7778               0      230.493073              32               0               0
2017-12-10 00:00:00          0               0               0         -1.7778               0      210.893489              32               0               0
2017-12-11 00:00:00          0               0               0         -1.7778               0        200.6425              32               0               0
2017-12-12 00:00:00          0               0               0         -1.7778               0      215.720083              32               0               0
2017-12-13 00:00:00          0               0               0         -1.7778               0      217.411583              32               0               0
2017-12-14 00:00:00          0               0               0         -1.7778               0        222.9125              32               0               0
2017-12-15 00:00:00          0               0               0         -1.7778               0      227.441583              32               0               0
2017-12-16 00:00:00          0               0               0         -1.7778               0      208.299583              32               0               0
2017-12-17 00:00:00          0               0               0         -1.7778               0      172.300667              32               0               0
2017-12-18 00:00:00          0               0               0         -1.7778               0        205.3005              32               0               0
2017-12-19 00:00:00          0               0               0         -1.7778               0      272.303167              32               0               0
2017-12-20 00:00:00          0               0               0         -1.7778               0       268.13675              32               0               0
2017-12-21 00:00:00          0               0               0         -1.7778               0       212.97175              32               0               0
2017-12-22 00:00:00          0               0               0         -1.7778               0      217.095667              32               0               0
2017-12-23 00:00:00          0               0               0         -1.7778               0       241.57425              32               0               0
2017-12-24 00:00:00          0               0               0         -1.7778               0      250.045917              32               0               0
2017-12-25 00:00:00          0               0               0         -1.7778               0      280.859833              32               0               0
2017-12-26 00:00:00          0               0               0         -1.7778               0      279.400667              32               0               0
2017-12-27 00:00:00          0               0               0         -1.7778               0       277.97975              32               0               0
2017-12-28 00:00:00          0               0               0         -1.7778               0      286.685167              32               0               0
2017-12-29 00:00:00          0               0               0         -1.7778               0      219.332583              32               0               0
2017-12-30 00:00:00          0               0               0         -1.7778               0        195.6275              32               0               0
2017-12-31 00:00:00          0               0               0         -1.7778               0         239.581              32               0               0
